roc_auc: 0.512156680007
f1_macro:0.504523562622
acc:0.888331814038